a =30;
b = 12;
