a =30;
b = 5;
